   19.3660 8.245e-8
   19.3733 1.479e-7
   96.4101 1.092e-7
   96.4104 1.156e-6
   96.4105 1.106e-7
   96.4291 1.106e-7
   96.4292 1.659e-6
   96.4358 8.742e-7
   96.4360 1.092e-7
  285.5290 2.625e-7
  285.6774 2.645e-7
  286.2534 4.900e-6
  286.2871 6.373e-6
  286.2957 3.961e-6
  286.8630 2.667e-7
  287.0201 2.653e-7
  330.9230 7.544e-6
  331.7999 9.470e-6
  332.3843 5.698e-6
  332.4863 2.855e-5
  333.0706 9.544e-6
  334.1003 7.691e-6
  654.0350 3.799e-7
  654.2135 3.816e-7
  655.0888 1.089e-5
  655.1397 1.339e-5
  655.1500 9.153e-6
  656.0150 3.836e-7
  656.2038 3.824e-7
  996.3473 1.310e-5
  996.6961 1.361e-5
  997.3224 6.077e-5
  997.4316 .0001090
  997.4921 3.947e-5
  998.0579 1.365e-5
  998.4671 1.315e-5
 1084.9117 1.854e-7
 1084.9266 2.492e-7
 1085.2182 2.161e-7
 1268.7953 3.768e-7
 1268.9731 3.771e-7
 1270.0241 1.531e-5
 1270.0922 1.816e-5
 1270.1035 1.322e-5
 1271.1432 3.791e-7
 1271.3323 3.792e-7
 1992.6705 1.307e-5
 1993.0211 1.325e-5
 1994.0215 .0001386
 1994.1345 .0001990
 1994.1739 .0001048
 1995.1349 1.328e-5
 1995.5250 1.311e-5
 2185.6571 2.739e-7
 2185.8249 2.744e-7
 2186.9869 1.496e-5
 2187.0711 1.731e-5
 2187.0832 1.317e-5
 2188.2332 2.750e-7
 2188.4131 2.747e-7
 2398.6106 1.621e-6
 2398.6607 2.285e-6
 2399.1493 1.926e-6
 2760.2207 .0022962
 2761.4918 .0038292
 2763.3989 .0007665
 3318.1981 1.015e-5
 3318.4978 1.022e-5
 3319.6621 .0001887
 3319.7769 .0002454
 3319.8063 .0001526
 3320.9412 1.024e-5
 3321.2704 1.017e-5
 3440.5799 1.524e-7
 3440.7358 1.526e-7
 3441.9721 1.076e-5
 3442.0691 1.222e-5
 3442.0813 9.615e-6
 3443.3054 1.529e-7
 3443.4734 1.527e-7
 4217.4487 3.167e-7
 4218.2154 6.214e-6
 4218.3470 9.439e-6
 4219.1533 7.670e-6
 4219.7629 3.219e-7
 4460.7715 8.604e-8
 4460.8130 1.078e-7
 4461.3083 9.632e-8
 4965.7493 6.528e-6
 4966.0045 6.554e-6
 4967.2561 .0001866
 4967.3709 .0002295
 4967.3942 .0001569
 4968.6225 6.562e-6
 4968.9010 6.537e-6
 5049.1082 5.949e-6
 5049.2145 6.657e-6
 5049.2264 5.376e-6
 5189.0267 .0037235
 5189.7131 .0012407
 5190.0018 .0012413
 5190.3394 .0069508
 5190.6882 8.295e-5
 5191.7178 .0016549
 5501.9214 .0037446
 5502.1220 .0049930
 5503.1925 .0112373
 5503.2760 .0209753
 5504.0291 .0002500
 5505.3002 .0037465
 5853.9649 .0045933
 5854.5493 .0015309
 5855.1096 .0015308
 5855.2848 .0085739
 5855.6940 .0001023
 5856.5709 .0020415
 6435.3291 9.869e-7
 6435.3547 1.137e-5
 6435.7108 1.945e-5
 6437.1030 1.493e-5
 6437.1216 1.001e-6
 6921.5474 3.568e-6
 6921.7676 3.577e-6
 6923.0711 .0001448
 6923.1841 .0001717
 6923.2031 .0001250
 6924.4875 3.580e-6
 6924.7268 3.571e-6
 7004.0440 2.612e-6
 7004.1560 2.890e-6
 7004.1672 2.383e-6
 7679.5359 4.792e-7
 7679.6048 6.180e-7
 7680.2685 5.444e-7
 7772.4640 .0016160
 7773.0903 .0129315
 7773.4644 .0187040
 7773.4663 .0087281
 7773.8150 4.626e-5
 7774.4413 .0016168
 8205.4360 .0040025
 8206.5647 .0216159
 8206.7906 .0320273
 8206.8296 .0463224
 8207.3177 .0001145
 8208.6724 .0040040
 8282.7535 .0079815
 8282.7538 .0009977
 8284.1153 .0115451
 8284.1154 .0009976
 8284.1157 2.859e-5
 8284.8723 .0053878
 8359.7979 .0081093
 8359.8235 .0010136
 8361.1525 .0010136
 8361.1712 .0117300
 8361.1782 2.904e-5
 8361.9307 .0054741
 8769.0539 .0019178
 8769.7894 .0153438
 8770.1481 .0103563
 8770.1673 .0221927
 8770.5573 5.488e-5
 8771.2929 .0019179
 8928.5601 8.323e-6
 8929.8007 1.783e-5
 8930.6673 1.534e-6
 8931.1944 1.553e-6
 8932.5491 1.234e-5
 9162.3189 1.681e-6
 9162.5118 1.684e-6
 9163.8482 9.174e-5
 9163.9572 .0001061
 9163.9729 8.075e-5
 9165.2936 1.685e-6
 9165.5022 1.682e-6
 9288.4477 9.354e-7
 9288.5621 1.025e-6
 9288.5725 8.600e-7
10342.3533 .0014713
10343.3537 .0220749
10343.4668 .0168177
10343.5177 .0287778
10343.8174 2.339e-5
10344.8178 .0014719
10853.8503 .0033324
10855.1361 .0380873
10855.2439 .0499945
10855.2611 .0651737
10855.6242 5.296e-5
10857.0179 .0033332
11029.5783 .0169818
11029.5784 .0011319
11030.1543 .0221391
11030.3023 .0129383
11030.3026 .0011322
11030.3027 1.801e-5
11080.1646 .0001432
11080.7929 .0021485
11081.9279 2.281e-6
11082.0562 .0028012
11082.5450 .0016371
11082.5563 .0001432
11084.3972 .0001433
11085.0242 .0021499
11086.1603 2.282e-6
11086.2883 .0028029
11086.7773 .0016381
11086.7874 .0001433
11087.9409 1.471e-6
11088.0571 1.969e-6
11088.9567 1.703e-6
11219.4025 .0011612
11219.4212 .0174203
11220.0122 .0227107
11220.1623 .0132724
11220.1692 1.847e-5
11220.1879 .0011614
11652.8894 6.894e-7
11653.0606 6.902e-7
11654.4191 4.865e-5
11654.5216 5.523e-5
11654.5345 4.346e-5
11655.8801 6.906e-7
11656.0642 6.898e-7
11667.8810 .0016530
11668.9944 .0247971
11669.0992 .0188915
11669.1601 .0323262
11669.4892 2.627e-5
11670.6026 .0016531
11872.7656 2.789e-7
11872.8794 3.033e-7
11872.8889 2.581e-7
12896.3353 .0010785
12897.4996 .0258902
12897.5424 .0209742
12897.5869 .0318706
12897.8421 1.091e-5
12899.0064 .0010789
13435.9600 .0022884
13437.3016 .0444984
13437.3709 .0549285
13437.3760 .0676158
13437.6646 2.314e-5
13439.0755 .0022888
13762.5236 .0008764
13763.0995 .0210366
13763.3989 .0258966
13763.4290 .0170428
13763.5774 8.868e-6
13764.1533 .0008767
13847.3553 3.236e-5
13847.5263 3.236e-5
13848.4089 .0007767
13848.5798 .0007767
13849.3760 3.280e-7
13849.5469 3.280e-7
13849.5541 .0009562
13849.7250 .0009562
13849.8955 .0006293
13850.0664 .0006293
13850.4296 3.236e-5
13850.6004 3.236e-5
13865.2804 .0034841
13865.4671 .0001452
13865.7805 .0001452
13865.9353 .0042892
13865.9671 1.470e-6
13866.0954 .0028228
13880.0218 .0034896
13880.2118 .0001454
13880.5209 .0001454
13880.6785 .0042960
13880.7108 1.473e-6
13880.8388 .0028273
14131.3253 .0009047
14131.9350 .0217157
14132.2515 .0267325
14132.2833 .0175930
14132.4403 9.154e-6
14133.0500 .0009049
14345.2100 2.474e-7
14345.3637 2.476e-7
14346.7374 2.191e-5
14346.8308 2.452e-5
14346.8412 1.980e-5
14348.2045 2.478e-7
14348.3686 2.476e-7
14543.8144 .0011288
14545.0936 .0270932
14545.1302 .0219487
14545.1809 .0333511
14545.4594 1.142e-5
14546.7385 .0011289
14586.1995 9.678e-8
14586.3895 2.841e-6
14586.5964 4.007e-6
14587.8553 3.377e-6
14588.0129 9.690e-8
14716.9117 7.030e-8
14717.0221 7.595e-8
15432.6646 .0006646
15433.9162 .0232668
15433.9331 .0195788
15433.9681 .0276116
15434.1883 4.655e-6
15435.4399 .0006648
15950.5230 .0013341
15951.8880 .0392930
15951.9377 .0554138
15951.9390 .0466944
15952.1767 9.337e-6
15953.5926 .0013340
16479.6474 .0005402
16480.5227 .0189119
16480.6976 .0159147
16480.6983 .0224441
16480.8761 3.783e-6
16481.7514 .0005405
16613.7378 1.517e-6
16613.7437 1.517e-6
16615.0952 5.309e-5
16615.1011 5.309e-5
16616.1326 6.302e-5
16616.1384 6.302e-5
16616.3845 4.468e-5
16616.3903 4.468e-5
16617.2940 1.517e-6
16617.2999 1.517e-6
16632.3569 2.912e-5
16632.5960 .0010192
16633.1240 2.912e-5
16633.2324 2.042e-7
16633.2668 .0012097
16633.3629 .0010193
16633.4105 .0008578
16633.4715 2.912e-5
16633.9994 2.042e-7
16634.0338 .0012098
16634.1775 .0008578
16634.2383 2.912e-5
16654.9057 9.912e-5
16655.0606 .0034697
16655.4457 .0041178
16655.5053 .0029199
16655.5371 6.947e-7
16655.6920 9.914e-5
16693.8794 9.942e-5
16694.0370 .0034798
16694.4253 .0041299
16694.4853 .0029284
16694.5176 6.966e-7
16694.6752 9.943e-5
17094.5318 .0005569
17095.4579 .0194930
17095.6509 .0231334
17095.6511 .0164036
17095.8400 3.900e-6
17096.7661 .0005570
17115.7474 7.331e-5
17117.2570 .0002027
17117.8551 2.444e-5
17117.8659 2.438e-5
17118.6117 2.539e-5
17118.6190 2.535e-5
17119.9737 .0001132
17180.1363 7.799e-8
17180.2755 7.799e-8
17181.6602 8.466e-6
17181.7421 9.365e-6
17181.7503 7.723e-6
17183.1268 7.806e-8
17183.2742 7.806e-8
17194.0547 3.026e-5
17194.0550 .0002427
17194.5427 .0004607
17194.5428 3.073e-5
17195.9364 3.078e-5
17195.9365 .0003213
17195.9368 3.033e-5
17368.4969 2.509e-5
17368.8599 2.533e-5
17369.2212 .0003777
17369.4359 .0006077
17370.2708 .0004677
17370.8468 2.540e-5
17370.9952 2.518e-5
17388.3648 .0006376
17389.7313 .0223180
17389.7420 .0187803
17389.7813 .0264854
17390.0206 4.463e-6
17391.3870 .0006376
17694.2949 1.631e-5
17694.5835 1.653e-5
17695.3487 .0003953
17695.4588 .0005781
17695.9994 .0004706
17696.8747 1.666e-5
17697.0532 1.647e-5
17950.8550 .0003512
17952.1584 .0168591
17952.1641 .0145615
17952.1914 .0195038
17952.3843 1.803e-6
17953.6878 .0003513
18095.2927 3.409e-6
18095.6992 5.180e-6
18095.9198 1.748e-7
18097.0657 1.740e-7
18097.5647 4.208e-6
18117.0983 1.557e-7
18117.1176 1.907e-7
18117.4298 1.723e-7
18222.9295 1.048e-5
18223.1684 8.917e-6
18224.1582 .0003119
18224.2194 .0004299
18224.5831 .0003602
18225.6341 7.661e-6
18225.8119 8.915e-6
18407.9743 .0006708
18409.3501 .0278623
18409.3851 .0373211
18409.3890 .0322617
18409.5891 3.466e-6
18411.0038 .0006735
18493.4791 4.531e-7
18493.5126 5.676e-7
18493.9325 5.072e-7
18582.7305 8.472e-8
18582.7939 1.037e-7
18583.5074 9.375e-8
18992.5819 3.531e-6
18992.7859 4.088e-6
18993.9118 .0001966
18993.9480 .0002576
18994.1967 .0002221
18995.3588 4.607e-6
18995.5266 4.077e-6
19177.9516 .0002783
19179.0026 .0133343
19179.1036 .0115167
19179.1137 .0154250
19179.2814 1.432e-6
19180.3324 .0002772
19188.9559 1.107e-6
19189.0135 1.427e-6
19189.5855 1.257e-6
19380.4658 1.143e-7
19380.4659 1.143e-7
19382.0509 5.488e-6
19382.0511 5.488e-6
19382.9949 6.350e-6
19382.9951 6.350e-6
19383.1884 4.741e-6
19383.1886 4.741e-6
19384.3803 1.143e-7
19384.3805 1.143e-7
19396.3660 1.208e-6
19396.3981 1.208e-6
19396.9396 5.800e-5
19396.9717 5.800e-5
19397.5996 6.711e-5
19397.6317 6.711e-5
19397.7234 5.010e-5
19397.7555 5.010e-5
19398.1011 1.208e-6
19398.1332 1.208e-6
19423.8486 .0008418
19424.0533 1.754e-5
19424.1042 1.754e-5
19424.2766 .0009739
19424.3089 9.014e-8
19424.3433 .0007271
19426.3942 .0008419
19426.5988 1.754e-5
19426.6503 1.754e-5
19426.8224 .0009741
19426.8548 9.016e-8
19426.8892 .0007273
19447.8001 5.353e-5
19448.3401 .0025695
19448.5865 .0029726
19448.6087 .0022194
19448.7001 2.747e-7
19449.2401 5.353e-5
19534.2405 5.376e-5
19534.7864 .0025806
19535.0378 .0029855
19535.0606 .0022290
19535.1529 2.762e-7
19535.6988 5.376e-5
20020.3393 1.594e-6
20020.5167 1.608e-6
20021.7314 .0001012
20021.7530 .0001286
20021.9242 .0001133
20023.1605 1.618e-6
20023.3163 1.606e-6
20094.5323 2.821e-6
20094.6010 3.091e-6
20094.6073 2.593e-6
20094.8463 .0002823
20095.9654 .0135516
20096.0833 .0117049
20096.0926 .0156776
20096.2724 1.450e-6
20097.3916 .0002823
20191.5191 .0003039
20192.9339 .0126007
20192.9356 .0145890
20192.9646 .0168775
20193.1732 1.560e-6
20193.2511 2.194e-6
20193.3527 2.938e-6
20194.1491 2.541e-6
20194.5896 .0003039
20451.5672 .0001609
20452.9037 .0101354
20452.9040 .0089227
20452.9257 .0115068
20453.0969 6.324e-7
20454.4333 .0001609
20826.7949 .0002960
20828.1758 .0164198
20828.2024 .0211752
20828.2057 .0186515
20828.3798 1.163e-6
20829.7906 .0002961
21301.7853 5.472e-7
21301.9425 5.492e-7
21303.2169 4.391e-5
21303.2301 5.437e-5
21303.3477 4.858e-5
21304.6354 5.506e-7
21304.7794 5.488e-7
21489.7232 1.138e-7
21489.9099 3.351e-6
21490.0983 4.726e-6
21491.2469 3.982e-6
21491.4018 1.136e-7
21553.6456 2.049e-6
21554.5918 3.506e-6
21555.8709 1.796e-7
21556.0258 1.787e-7
21557.6340 2.690e-6
21854.7711 .0001216
21855.9332 .0076578
21855.9955 .0067416
21856.0074 .0086940
21856.1632 4.775e-7
21857.3253 .0001215
22149.1255 1.134e-7
22149.1255 1.134e-7
22149.9895 1.287e-7
22149.9895 1.287e-7
22150.1429 9.982e-8
22150.1429 9.982e-8
22161.4776 8.047e-8
22161.4787 8.047e-8
22162.3192 5.069e-6
22162.3203 5.069e-6
22162.9570 5.756e-6
22162.9582 5.756e-6
22163.0627 4.463e-6
22163.0639 4.463e-6
22163.7046 8.046e-8
22163.7058 8.046e-8
22184.2479 6.414e-7
22184.3094 4.041e-5
22184.3759 6.414e-7
22184.4374 4.041e-5
22184.7561 4.588e-5
22184.8108 6.414e-7
22184.8215 3.558e-5
22184.8841 4.588e-5
22184.9388 6.414e-7
22184.9495 3.558e-5
22222.7270 8.325e-6
22222.9502 .0005245
22223.2408 .0005955
22223.2733 .0004618
22223.5289 8.326e-6
22229.6814 8.327e-6
22229.9051 .0005247
22230.1961 .0005957
22230.2287 .0004619
22230.4847 8.328e-6
22241.2941 2.397e-5
22242.0805 .0015104
22242.2479 .0017148
22242.2545 .0013297
22242.3681 9.415e-8
22243.1545 2.398e-5
22410.2943 2.409e-5
22411.0916 .0015178
22411.2662 .0017233
22411.2735 .0013363
22411.3887 9.462e-8
22412.1860 2.409e-5
22627.7971 2.759e-7
22627.8881 3.457e-7
22628.7673 3.089e-7
22637.2468 6.638e-5
22639.1539 3.322e-6
22639.9064 .0002788
22640.4250 4.979e-5
22641.2610 4.977e-5
22642.5322 .0001493
22816.5087 1.638e-7
22816.6499 1.642e-7
22817.9658 1.625e-5
22817.9739 1.971e-5
22818.0545 1.781e-5
22819.3785 1.645e-7
22819.5116 1.641e-7
22936.3751 6.432e-5
22937.7312 .0045975
22937.7335 .0051465
22937.7488 .0057590
22937.9024 1.994e-7
22939.2609 6.434e-5
22942.0291 .0001237
22943.4656 .0068607
22943.4746 .0077931
22943.4901 .0088475
22943.6742 4.856e-7
22945.1196 .0001237
23024.1054 8.132e-7
23024.1602 8.844e-7
23024.1648 7.526e-7
23057.7476 3.566e-6
23058.1311 5.419e-6
23058.3760 1.832e-7
23059.3827 1.835e-7
23059.8828 4.403e-6
23109.6721 .0001198
23110.9183 .0075481
23110.9935 .0066451
23111.0054 .0085695
23111.1734 4.704e-7
23112.4197 .0001198
23226.3066 .0001148
23227.6916 .0082082
23227.7118 .0102820
23227.7140 .0091886
23227.8690 3.561e-7
23229.2765 .0001149
24507.9013 4.579e-5
24509.1376 .0036627
24509.1771 .0032720
24509.1889 .0040986
24509.3330 1.420e-7
24510.5693 4.578e-5
24536.7703 5.186e-6
24536.7753 6.182e-6
24536.8304 5.640e-6
24872.7450 2.034e-6
24873.6618 3.481e-6
24874.8261 1.782e-7
24875.1254 1.777e-7
24876.5895 2.671e-6
24928.3217 8.937e-8
24928.3218 8.937e-8
24928.9330 1.000e-7
24928.9331 1.000e-7
24929.0235 7.985e-8
24929.0236 7.985e-8
24946.9406 3.009e-6
24946.9461 3.009e-6
24947.3924 3.368e-6
24947.3978 3.368e-6
24947.4534 2.689e-6
24947.4589 2.689e-6
24978.0542 2.142e-5
24978.1089 2.677e-7
24978.3458 2.677e-7
24978.3711 2.397e-5
24978.4073 1.913e-5
24978.4684 2.142e-5
24978.5232 2.677e-7
24978.7601 2.677e-7
24978.7854 2.397e-5
24978.8216 1.913e-5
25029.6641 3.272e-6
25030.1780 .0002618
25030.3848 .0002930
25030.4006 .0002339
25030.9793 3.273e-6
25031.3628 9.088e-6
25032.3166 .0007272
25032.4350 .0006496
25032.4353 .0008137
25033.5091 9.091e-6
25046.1954 3.274e-6
25046.7101 .0002619
25046.9179 .0002931
25046.9338 .0002340
25047.5134 3.274e-6
25330.7723 9.118e-6
25331.7442 .0007295
25331.8726 .0008163
25331.8732 .0006517
25332.9676 9.119e-6
25407.4456 2.256e-5
25408.8159 .0020189
25408.8193 .0022340
25408.8303 .0024713
25410.3432 2.257e-5
25497.0555 .0003600
25497.7829 6.667e-5
25497.8016 .0007714
25497.8085 1.904e-6
25499.1375 .0005333
25499.1632 6.665e-5
25559.9040 1.371e-7
25559.9564 1.678e-7
25560.5597 1.517e-7
25620.9221 3.939e-5
25622.3108 .0035251
25622.3267 .0043151
25622.3274 .0039007
25622.4679 9.890e-8
25623.8732 3.941e-5
25628.5908 4.335e-5
25630.0379 .0030983
25630.0518 .0034683
25630.0580 .0038810
25630.2220 1.344e-7
25631.6830 4.335e-5
25921.9167 2.033e-7
25921.9583 2.197e-7
25921.9615 1.892e-7
26114.9404 4.293e-5
26116.2737 .0034347
26116.3222 .0030683
26116.3343 .0038435
26116.4902 1.330e-7
26117.8236 4.293e-5
26427.4499 1.437e-6
26427.4530 1.689e-6
26427.4906 1.553e-6
26513.8907 6.761e-7
26514.0263 8.720e-7
26515.1360 7.680e-7
27135.7465 1.495e-5
27137.0342 .0014802
27137.0596 .0013377
27137.0705 .0016374
27138.4913 1.495e-5
27666.5629 3.771e-7
27666.6421 4.724e-7
27667.4159 4.222e-7
27736.5248 1.367e-6
27736.5452 1.367e-6
27736.8568 1.512e-6
27736.8772 1.512e-6
27736.8935 1.235e-6
27736.9138 1.235e-6
27778.6856 9.242e-8
27778.9478 9.150e-6
27779.1812 1.012e-5
27779.2017 8.269e-6
27779.4934 9.242e-8
27779.8391 9.242e-8
27780.1013 9.150e-6
27780.3348 1.012e-5
27780.3553 8.269e-6
27780.6470 9.243e-8
27813.4452 2.947e-6
27814.5176 .0002919
27814.6012 .0002638
27814.6045 .0003229
27815.7936 2.950e-6
27844.4569 1.088e-6
27845.1776 .0001077
27845.3303 .0001191
27845.3376 9.732e-5
27846.1389 1.088e-6
27867.2024 6.966e-6
27868.5832 .0007627
27868.5871 .0008360
27868.5952 .0009163
27870.1071 6.968e-6
27879.7902 1.088e-6
27880.5127 .0001078
27880.6671 .0001192
27880.6744 9.738e-5
27881.4778 1.088e-6
28018.6118 1.197e-5
28020.0040 .0013109
28020.0164 .0014371
28020.0169 .0015749
28021.5499 1.198e-5
28242.2750 1.318e-5
28243.7250 .0011791
28243.7416 .0014433
28243.7422 .0013047
28245.3562 1.317e-5
28301.9466 2.939e-6
28303.0469 .0002910
28303.1432 .0002630
28303.1457 .0003219
28304.3665 2.939e-6
28458.5414 3.478e-7
28458.5434 4.038e-7
28458.5690 3.737e-7
28510.3745 6.382e-5
28510.6531 .0007293
28510.9841 .0012479
28511.1412 1.013e-6
28511.7681 .0009572
28512.5348 6.380e-5
28552.5397 1.022e-6
28552.5613 1.218e-6
28552.7985 1.111e-6
28639.7342 2.756e-7
28639.7492 3.238e-7
28639.9294 2.978e-7
28749.9492 3.223e-6
28749.9800 3.910e-6
28750.2872 3.535e-6
29045.4080 7.397e-8
29045.5419 6.846e-8
29090.5760 1.307e-5
29091.9700 .0012942
29092.0005 .0011696
29092.0120 .0014317
29093.5503 1.307e-5
29177.8805 1.033e-7
29178.0446 1.075e-7
29179.0729 8.592e-6
29179.1171 1.064e-5
29179.5117 9.515e-6
29180.5842 1.112e-7
29180.7042 1.074e-7
29737.4683 4.255e-6
29738.7922 .0005106
29738.8085 .0004658
29738.8183 .0005596
29740.2656 4.255e-6
29775.6018 3.023e-7
29775.7859 3.044e-7
29776.6759 1.915e-5
29776.7397 2.434e-5
29777.2469 2.145e-5
29778.2007 3.059e-7
29778.3209 3.041e-7
29952.4668 8.248e-7
29952.5902 1.064e-6
29953.6033 9.370e-7
30197.9951 1.215e-6
30198.2093 1.627e-6
30199.6601 1.407e-6
30318.0352 1.898e-6
30319.4240 .0002495
30319.4280 .0002714
30319.4341 .0002952
30320.9440 1.898e-6
30422.3748 3.227e-6
30423.7707 .0004243
30423.7800 .0004616
30423.7814 .0005019
30425.3042 3.228e-6
30476.9869 7.318e-7
30477.1955 7.348e-7
30477.8870 3.522e-5
30477.9820 4.628e-5
30478.6410 4.003e-5
30479.4274 7.366e-7
30479.5410 7.338e-7
30531.6667 5.024e-7
30531.7316 5.024e-7
30531.9181 5.506e-7
30531.9407 4.583e-7
30531.9830 5.506e-7
30532.0056 4.583e-7
30582.8111 8.240e-7
30583.9704 9.887e-5
30584.0306 9.019e-5
30584.0354 .0001084
30585.3066 8.237e-7
30587.6672 3.236e-6
30587.8444 3.547e-6
30587.8560 2.952e-6
30590.5291 3.236e-6
30590.7065 3.547e-6
30590.7181 2.952e-6
30601.2964 7.373e-8
30601.2977 8.471e-8
30601.3154 7.884e-8
30665.9506 3.090e-7
30666.8241 3.708e-5
30666.9403 4.064e-5
30666.9428 3.383e-5
30667.9042 3.090e-7
30735.3009 3.091e-7
30736.1778 3.709e-5
30736.2966 4.065e-5
30736.2994 3.384e-5
30737.2645 3.091e-7
30779.9926 3.498e-6
30781.4401 .0003830
30781.4540 .0004601
30781.4592 .0004198
30783.0541 3.499e-6
31221.5807 1.490e-6
31221.8200 1.495e-6
31222.2121 5.223e-5
31222.3600 7.176e-5
31223.2364 6.052e-5
31223.7764 1.498e-6
31223.8678 1.492e-6
31324.0824 8.096e-7
31325.2815 9.716e-5
31325.3561 8.863e-5
31325.3600 .0001065
31326.6758 8.097e-7
31787.0483 4.768e-5
31787.8003 .0009271
31787.9744 .0014087
31788.1633 4.816e-7
31788.4592 .0011443
31789.5742 4.767e-5
31956.2622 2.495e-6
31956.4488 5.997e-5
31956.5407 2.507e-6
31956.6955 8.772e-5
31957.9071 7.135e-5
31958.0620 2.510e-6
31958.0938 2.498e-6
32021.7600 3.401e-6
32023.1959 .0004081
32023.2138 .0003723
32023.2244 .0004472
32024.7941 3.401e-6
32313.0901 1.059e-6
32314.4401 .0001515
32314.4503 .0001393
32314.4591 .0001647
32315.9237 1.059e-6
32384.1190 1.371e-6
32384.3211 1.836e-6
32385.6879 1.587e-6
32635.4836 4.886e-5
32635.9411 7.862e-5
32636.1120 3.253e-6
32636.4412 3.276e-6
32637.0919 3.257e-6
32637.2202 3.280e-6
32637.7203 6.048e-5
32762.0965 4.571e-7
32763.4917 7.107e-5
32763.4955 7.680e-5
32763.5003 8.298e-5
32765.0077 4.572e-7
32832.4120 7.717e-7
32833.8115 .0001200
32833.8186 .0001297
32833.8205 .0001401
32835.3358 7.720e-7
33222.0378 2.198e-5
33223.0449 4.172e-5
33223.5412 2.748e-6
33224.1583 2.785e-6
33224.4182 2.743e-6
33224.8083 2.781e-6
33225.9217 2.909e-5
33247.5396 8.161e-7
33248.9815 .0001073
33248.9934 .0001269
33249.0010 .0001167
33250.5765 8.162e-7
33332.9565 1.534e-7
33333.1394 1.534e-7
33333.1517 1.668e-7
33333.1658 1.410e-7
33333.3346 1.668e-7
33333.3487 1.410e-7
33334.9076 1.992e-7
33336.1319 2.848e-5
33336.1760 2.618e-5
33336.1813 3.097e-5
33337.5121 1.991e-7
33404.7370 9.614e-7
33404.8750 1.046e-6
33404.8814 8.839e-7
33411.2130 9.615e-7
33411.3512 1.046e-6
33411.3576 8.840e-7
33492.1309 7.547e-8
33493.1206 1.079e-5
33493.2111 9.923e-6
33493.2111 1.174e-5
33494.2912 7.548e-8
33618.8909 7.539e-8
33619.8866 1.078e-5
33619.9809 1.173e-5
33619.9812 9.913e-6
33621.0678 7.540e-8
33659.9008 1.477e-6
33660.2681 2.084e-6
33662.2626 1.756e-6
34388.2825 1.908e-7
34389.5601 2.728e-5
34389.6189 2.508e-5
34389.6234 2.967e-5
34391.0132 1.908e-7
34863.5281 2.315e-7
34864.8971 3.889e-5
34864.9030 3.599e-5
34864.9108 4.202e-5
34866.3866 2.315e-7
34897.2936 7.597e-7
34898.7581 .0001086
34898.7667 9.988e-5
34898.7764 .0001181
34900.3649 7.597e-7
34929.8121 1.581e-6
34930.1680 2.230e-6
34932.0944 1.880e-6
35201.1937 9.746e-8
35202.5940 1.769e-5
35202.5975 1.901e-5
35202.6015 2.042e-5
35204.1062 9.748e-8
35216.9188 2.077e-5
35217.8863 3.943e-5
35218.2698 2.597e-6
35218.8868 2.630e-6
35219.2989 2.595e-6
35219.6495 2.629e-6
35220.6499 2.750e-5
35247.7535 1.638e-7
35249.1564 2.972e-5
35249.1620 3.194e-5
35249.1641 3.432e-5
35250.6737 1.638e-7
35445.1302 2.822e-5
35446.1498 .0008312
35446.2493 .0011723
35446.4384 1.974e-7
35446.5461 .0009878
35447.8544 2.822e-5
35659.8530 1.683e-7
35661.2884 2.617e-5
35661.2985 3.055e-5
35661.3068 2.828e-5
35662.8638 1.683e-7
35960.2293 4.446e-5
35960.6570 7.154e-5
35960.8564 2.962e-6
35961.1561 2.981e-6
35961.6933 2.964e-6
35961.8214 2.983e-6
35962.3204 5.504e-5
36066.9194 7.022e-6
36066.9519 6.499e-6
36066.9572 7.587e-6
36230.4457 2.422e-7
36230.5555 2.616e-7
36230.5587 2.241e-7
36244.0281 2.421e-7
36244.1383 2.616e-7
36244.1416 2.241e-7
36321.1733 2.673e-6
36321.2435 2.474e-6
36321.2450 2.888e-6
36538.9830 2.662e-6
36539.0591 2.463e-6
36539.0602 2.876e-6
36905.4856 9.544e-7
36906.1940 1.450e-6
36909.1407 1.178e-6
36943.3358 2.165e-6
36943.5257 5.199e-5
36943.5910 2.173e-6
36943.7486 7.605e-5
36944.8426 6.186e-5
36945.0002 2.174e-6
36945.0325 2.166e-6
37391.9084 8.682e-6
37391.9115 8.079e-6
37391.9184 9.328e-6
37477.4242 6.460e-6
37477.4703 5.978e-6
37477.4751 6.979e-6
37560.6142 9.875e-7
37561.3122 1.501e-6
37564.2082 1.219e-6
37638.1652 3.858e-6
37638.1684 4.126e-6
37638.1717 4.411e-6
37668.5632 6.463e-6
37668.5677 6.912e-6
37668.5699 7.390e-6
37707.5603 1.465e-7
37709.0431 2.460e-5
37709.0448 2.277e-5
37709.0536 2.658e-5
37710.6516 1.464e-7
38038.6901 5.593e-6
38038.6987 6.457e-6
38038.7063 6.010e-6
38203.4397 1.218e-6
38203.6599 1.221e-6
38204.0779 4.265e-5
38204.2058 5.860e-5
38204.9634 4.942e-5
38205.5092 1.221e-6
38205.6016 1.219e-6
38772.9272 1.490e-6
38772.9511 1.386e-6
38772.9563 1.600e-6
39147.2673 5.659e-7
39147.3227 5.266e-7
39147.3249 6.079e-7
39501.2125 5.599e-7
39501.2757 5.210e-7
39501.2775 6.015e-7
39589.1579 1.333e-5
39590.3451 .0005527
39590.4042 .0007403
39590.5726 .0006400
39590.5841 6.837e-8
39591.9988 1.333e-5
39786.0619 5.569e-7
39786.2548 5.578e-7
39786.9744 2.673e-5
39787.0521 3.513e-5
39787.5913 3.038e-5
39788.3885 5.578e-7
39788.5037 5.569e-7
39897.8853 1.692e-6
39897.8865 1.582e-6
39897.8927 1.809e-6
40071.2914 7.391e-7
40071.2943 7.871e-7
40071.2972 8.380e-7
40090.9074 1.236e-6
40090.9110 1.316e-6
40090.9132 1.401e-6
40400.9860 1.053e-6
40400.9933 1.204e-6
40400.9995 1.126e-6
40445.1190 4.443e-6
40445.1229 4.774e-6
40445.1270 5.129e-6
40564.4064 1.292e-6
40564.4418 1.203e-6
40564.4466 1.388e-6
41451.5805 2.730e-7
41451.5980 2.553e-7
41451.6029 2.919e-7
41744.2495 2.112e-7
41744.4207 2.114e-7
41745.3439 1.330e-5
41745.3926 1.691e-5
41745.7792 1.490e-5
41746.7511 2.113e-7
41746.8736 2.111e-7
41967.0481 1.028e-7
41967.0921 9.611e-8
41967.0948 1.099e-7
41992.8929 4.702e-5
41993.3021 2.488e-7
41993.9192 .0001008
41994.0377 8.712e-6
41995.6823 8.703e-6
41996.4178 6.965e-5
42385.6740 2.711e-7
42385.6740 2.886e-7
42385.6795 3.073e-7
42502.7644 1.246e-7
42502.7670 1.322e-7
42502.7695 1.402e-7
42513.0127 1.005e-7
42513.0665 9.397e-8
42513.0687 1.074e-7
42515.3002 2.081e-7
42515.3032 2.208e-7
42515.3053 2.342e-7
42762.8758 1.750e-7
42762.8820 1.984e-7
42762.8866 1.864e-7
42989.6780 4.526e-5
42990.0267 2.396e-7
42990.6438 9.699e-5
42990.6531 8.385e-6
42992.4072 8.379e-6
42993.0335 6.705e-5
43099.5110 7.471e-7
43099.5183 8.542e-7
43099.5193 7.990e-7
43122.8000 6.763e-8
43625.7277 2.190e-7
43625.7537 2.048e-7
43625.7585 2.341e-7
43639.2477 1.126e-7
43639.2814 1.324e-7
43639.6840 1.217e-7
44139.4859 5.358e-6
44139.5164 6.635e-6
44139.7899 5.931e-6
44290.6912 5.098e-6
44291.9885 .0002827
44292.0245 .0003646
44292.1020 .0003212
44293.6033 5.097e-6
44309.5221 .0001093
44309.9121 1.517e-7
44310.0402 .0001870
44310.5392 9.560e-6
44311.0255 9.562e-6
44311.6526 .0001434
45044.8034 4.307e-7
45044.8467 5.134e-7
45045.3214 4.685e-7
45656.1918 9.754e-8
45656.3864 1.258e-7
45657.8598 1.108e-7
45668.4935 1.090e-7
45668.5001 1.236e-7
45668.5052 1.161e-7
45970.2868 9.944e-8
45970.4792 1.282e-7
45971.9345 1.130e-7
46298.7568 .0001008
46299.1073 1.400e-7
46299.2356 .0001725
46299.7357 8.821e-6
46300.1078 8.821e-6
46300.7361 .0001323
46401.0743 1.402e-6
46401.1308 1.701e-6
46401.6933 1.538e-6
46521.2618 .0001489
46521.4010 7.657e-6
46521.5586 .0002262
46521.5909 7.731e-8
46522.6801 .0001838
46522.8700 7.658e-6
47033.8132 1.767e-6
47033.8319 2.143e-6
47034.0174 1.937e-6
47647.7372 3.851e-6
47647.8124 4.769e-6
47648.4857 4.263e-6
48669.7098 1.265e-7
48670.0209 1.694e-7
48670.2571 5.059e-6
48670.6168 .0001490
48670.8030 .0002101
48671.6235 .0001771
48671.9796 1.465e-7
48672.2618 5.059e-6
48733.0801 1.393e-7
48733.2481 1.396e-7
48733.6588 8.785e-6
48733.7619 1.117e-5
48734.5814 9.837e-6
48735.0953 1.397e-7
48735.1601 1.394e-7
48814.8179 1.276e-7
48815.1274 1.709e-7
48817.0753 1.477e-7
48980.2404 8.130e-8
48980.3327 1.019e-7
48981.2232 9.104e-8
49578.7625 1.613e-6
49580.1349 .0001153
49580.1565 .0001444
49580.1700 .0001291
49581.7198 1.613e-6
49621.1234 3.381e-7
49621.3033 3.389e-7
49621.3790 1.624e-5
49621.5265 2.135e-5
49622.5495 1.846e-5
49622.7728 3.391e-7
49622.8052 3.384e-7
49821.3854 .0001295
49821.4984 6.662e-6
49821.6533 .0001968
49822.6628 .0001599
49822.8494 6.660e-6
49977.7034 1.277e-7
49977.8484 1.647e-7
49979.0322 1.451e-7
50293.1191 2.335e-5
50293.3425 3.209e-5
50293.3581 6.667e-7
50293.5472 6.685e-7
50294.4273 6.672e-7
50294.4617 6.690e-7
50294.6664 2.705e-5
50490.5861 4.810e-7
50490.5967 5.734e-7
50490.7119 5.233e-7
50755.3597 2.401e-5
50755.7267 3.512e-5
50756.4133 9.998e-7
50756.4747 1.001e-6
50756.6021 1.004e-6
50756.6528 1.004e-6
50757.5283 2.857e-5
50815.2622 2.836e-6
50815.9353 .0001176
50816.0595 .0001575
50816.6786 .0001361
50817.5911 2.836e-6
51037.7474 1.400e-5
51038.4240 2.252e-5
51038.5141 9.333e-7
51039.0337 9.390e-7
51040.2876 9.325e-7
51040.4447 9.384e-7
51041.0543 1.733e-5
51324.0646 1.416e-5
51324.7325 2.279e-5
51324.7889 9.444e-7
51325.3084 9.501e-7
51326.6047 9.437e-7
51326.7531 9.495e-7
51327.3291 1.753e-5
51378.9901 1.406e-7
51379.2284 1.894e-7
51380.8438 1.645e-7
51410.7020 2.464e-5
51411.0586 3.605e-5
51411.7555 1.026e-6
51411.7558 1.027e-6
51411.9339 1.031e-6
51411.9340 1.030e-6
51412.8093 2.932e-5
51564.1819 2.448e-5
51564.3941 3.363e-5
51564.4208 6.990e-7
51564.5986 7.000e-7
51565.4107 7.002e-7
51565.4450 7.011e-7
51565.6496 2.836e-5
51588.3801 8.887e-8
51588.9203 1.253e-7
51591.6649 1.056e-7
51647.0421 8.917e-8
51647.5814 1.258e-7
51650.3202 1.060e-7
51811.7114 3.641e-7
51811.8792 3.648e-7
51811.9674 1.749e-5
51812.1028 2.298e-5
51813.0412 1.987e-5
51813.2649 3.650e-7
51813.2973 3.644e-7
52185.6210 1.544e-7
52185.7768 1.546e-7
52186.2006 9.734e-6
52186.2915 1.237e-5
52187.0131 1.090e-5
52187.5278 1.547e-7
52187.5928 1.545e-7
52723.9573 4.382e-6
52724.0204 5.426e-6
52724.5856 4.850e-6
53033.3892 1.357e-6
53034.2750 7.528e-5
53034.3611 9.708e-5
53034.8346 8.551e-5
53035.9291 1.357e-6
53154.1626 9.833e-8
53154.5797 1.385e-7
53156.8698 1.167e-7
53467.5721 1.628e-6
53467.6170 1.974e-6
53468.0641 1.785e-6
53578.9721 4.088e-6
53579.3483 .0001204
53579.5121 .0001698
53580.2237 .0001431
53580.8551 4.087e-6
54465.0629 5.049e-7
54465.0953 6.019e-7
54465.4497 5.492e-7
54560.7810 1.090e-7
54560.7859 1.281e-7
54560.8440 1.178e-7
55421.6433 5.533e-7
55422.6826 3.955e-5
55422.7436 4.954e-5
55423.1043 4.427e-5
55424.3277 5.534e-7
55443.0206 4.337e-7
55444.4259 4.294e-5
55444.4437 3.880e-5
55444.4566 4.750e-5
55446.0062 4.337e-7
55770.5938 1.316e-7
55770.6171 1.547e-7
55770.8961 1.422e-7
57593.3442 2.105e-6
57594.0239 8.727e-5
57594.1306 .0001169
57594.6476 .0001010
57595.5476 2.105e-6
58094.6322 1.908e-7
58095.7878 1.707e-5
58095.8313 2.090e-5
58096.0994 1.889e-5
58097.4191 1.908e-7